000018
000386
000626
001066
001369
002310
002407
002628
003145
003421
003978
004372
004812
005119
005696
005765
006860
007277
007340
007443
007804
007869
008408
008982
008983
009531
009989
010124
011103
011360
011394
011886
012360
014258
015594
016469
016895
017051
017223
017831
018461
019006
019064
019611
021028
022192
022471
022491
022513
022576
022622
023109
023462
023500
025061
025510
025763
026342
026516
028135
028150
028398
028946
030375
030807
031015
031340
032128
033501
033563
034422
034487
034567
034575
034896
035105
035255
035261
035986
036375
036640
036684
037382
038683
039117
039661
039792
039954
040779
041979
042638
042785
042812
043307
043759
043879
044317
046058
046344
046348
046531
047668
049839
049916
051307
051780
052373
053892
054210
055632
055712
055751
055850
057799
058281
058440
058543
058593
058643
059526
059566
059934
060009
060544
060772
061043
061907
062128
062212
062759
062886
064268
065199
065587
065741
066774
066886
068540
071702
072624
073194
073404
073794
074160
074635
075053
075148
075241
076618
076628
076965
077490
078615
079410
079558
079580
079916
080278
080494
080947
081216
081691
082076
082616
083096
083219
083646
084466
084814
084851
084855
085101
085465
085566
085571
086440
087033
088199
089128
089461
089869
090311
090895
091942
092079
092922
093059
093415
093732
094386
097185
098160
099983
102718
103385
103707
103771
105865
106183
106244
107225
108433
109095
110193
113601
114602
115803
115809
116696
116888
116928
117608
117967
121335
121453
122278
122591
123136
123456
124206
124676
124981
125365
126317
126824
129703
129964
130035
130495
130780
131076
131629
132415
134129
134657
135335
136038
136190
136911
137757
138049
138184
138707
138998
139025
140178
140264
140851
141126
142146
142379
142396
142589
143111
143856
143965
144768
148900
150694
151603
152488
152789
153150
153215
153251
153686
154294
154919
155038
155115
155332
155723
157068
157882
158182
158392
159149
159177
159848
160065
160365
160944
162441
163180
164416
164825
165030
165280
165380
166810
167324
167352
168207
170586
171032
171872
172229
175029
175193
175921
176370
177215
177436
178047
178653
179232
180675
180798
181200
181632
181664
181733
182297
182692
183324
183579
183815
184461
186637
187098
188152
188658
189154
189426
189630
189932
190978
191357
191503
191507
191552
191581
191791
192888
193954
195359
195482
195619
195779
195931
196317
196340
196915
197252
197339
197479
198472
199877
200111
201530
202692
203163
204055
204151
204379
205605
207134
207230
207265
207478
208964
209182
209265
209443
210124
211814
212267
212601
212641
214326
214919
216065
216215
216374
216459
216547
217139
217250
217256
217279
217316
217470
217670
218137
218203
218458
218672
219036
219374
219498
219563
219746
220026
220241
220830
222032
222042
222436
224088
224364
225138
225560
225771
227005
227044
227605
227883
228312
229866
230905
231667
231998
233471
233625
234146
234783
235040
235881
235897
238286
238312
238574
238979
239086
240384
240386
240627
240629
240835
242239
242330
243382
243670
244198
245275
246100
246329
247022
248257
248353
249640
250573
250734
251133
251859
252147
252228
252928
254068
254284
255600
255741
258594
258634
260096
261390
261660
262485
262551
262646
262986
263094
263126
263844
265269
265470
265949
265978
266458
267732
268388
268505
269342
270380
270672
270797
271331
272445
272525
272548
274854
275438
275886
276708
277232
277561
278985
279400
280324
280354
280432
280941
281109
281117
281878
282471
283026
284087
284128
284432
285770
285934
285967
288177
289004
289022
290171
290204
290291
290611
290615
290965
292311
293009
293973
294368
295824
296477
297140
297217
297511
298374
298688
298745
299206
300501
300711
302315
303348
304952
305788
305876
306009
306400
308224
308404
309479
310638
311513
311824
311837
313022
313722
313991
316758
317946
318176
318181
318845
318894
318998
319177
319563
319588
319801
319886
320343
320407
321051
321475
321589
322331
322476
323239
323815
323924
324448
325712
325820
325867
328829
329189
329469
329508
329849
329942
330170
330715
331215
332114
332695
332706
333563
333744
334863
335035
335227
335484
335860
336207
336582
336655
336989
337191
340726
340741
341077
341706
342758
344028
344880
344890
347176
348486
348608
351525
351599
352588
352871
353014
353330
354284
354343
355453
356124
357543
358366
358904
358936
359756
362115
362304
363202
363309
364685
365183
365716
365726
365729
365741
366076
366089
366601
367133
367317
367333
368144
369488
369545
371310
372352
372443
373175
373353
373413
375694
375703
376831
376888
377335
377763
378288
380762
380903
381922
382354
384390
384397
384846
385321
385392
386198
387395
388827
389348
389797
390753
391297
391312
391990
392441
393555
393630
393733
394096
394953
395505
395850
395916
396536
397032
397489
397786
397890
399715
400256
400379
400577
401244
401725
402200
403036
404752
404775
405201
405399
406097
406376
407712
409252
410502
411093
411399
411477
411804
414765
414789
414795
416140
416379
417935
418689
418881
420032
420750
422858
423313
423525
424399
424498
425769
426620
426673
427021
427520
427664
428309
428696
429197
429716
430229
431845
431859
431930
432046
432299
432460
432750
434024
434471
437670
437722
437985
438027
438370
438489
438992
439892
440804
444031
446454
447309
448122
448625
449228
450310
450327
450614
453329
453581
453826
454032
454218
454301
454359
455219
455711
456177
457868
458120
458472
458614
458648
458810
459100
460977
460993
463572
463655
463999
464288
465231
465878
466860
467087
467463
469570
470491
471036
471053
471585
472254
472393
472586
472588
472702
472807
473027
473097
473322
474976
475722
476210
476253
477302
477955
478053
478083
478924
479654
479960
480522
480599
480777
481307
481747
482535
482812
483363
484619
486116
486568
487163
488206
488504
488927
489363
490232
490895
491367
492337
492409
492828
493569
493774
494946
495161
495223
495237
497056
497842
498579
499653
500336
500383
501422
501732
502209
502689
503157
503305
503329
503859
504072
504141
504241
504829
505482
506432
507195
507924
508536
509091
509480
509555
509710
510375
510395
511632
512279
512571
512846
513561
514078
514359
515795
516068
516086
516475
516887
517017
517279
517440
517821
517971
518395
518402
518893
520671
521110
521341
522415
522691
523143
523327
523719
524179
524411
524446
524501
526334
526938
527665
527784
528735
528884
529404
529735
529999
530287
530482
530948
532148
532211
532354
532392
533828
534388
534675
534771
535160
535668
536546
537862
539846
540755
541303
541520
542537
542902
543432
543576
544042
544779
544870
544883
545610
545802
545810
546292
546676
547109
547132
547159
547950
548425
548440
548479
548580
548690
549433
549546
552505
553162
554127
555048
555151
555177
556366
557394
557842
558252
558951
559532
559704
562038
563116
563485
563961
564278
564913
564943
565556
566798
568984
569114
570299
572215
572577
572977
573078
573215
574112
574825
575049
575356
575976
575989
578031
578717
578895
578988
579161
579219
579469
579584
580073
580507
580927
581018
581129
581380
581544
581626
583285
583989
584826
584987
585187
588138
588804
590914
590954
591021
591858
593921
594632
595606
595817
596135
597061
598072
599591
600155
600512
600699
600709
600778
600882
601813
602220
602705
606850
607617
607657
608110
608840
610093
610925
611042
611048
611167
611248
611981
612143
612940
613543
613619
614206
614631
614664
614839
615687
616348
616914
617224
620051
620788
621759
621865
621886
622439
623284
623562
623829
624106
624656
625401
625828
628015
628188
628604
629166
629719
629796
631264
632975
633413
633720
633931
635056
635436
637506
637947
639234
639981
640119
640285
640709
642107
642755
643584
644796
645400
645712
647619
647780
647857
650015
651428
652112
652808
653640
653842
655047
655640
656579
657147
657843
657928
658116
658757
659062
660023
660172
660582
661374
661777
662164
663388
664840
665258
665299
665428
665613
668442
668498
669128
670116
670241
671770
672050
673444
673694
674724
675678
675835
676368
676402
679897
680566
680714
682564
682748
683446
683725
684120
684237
684394
684413
684427
684830
684977
685037
685944
688632
688663
688728
688986
689536
690578
691123
691914
692073
692356
692380
693140
693249
693716
693804
694642
695346
695666
695885
696051
697504
698814
699357
699470
699976
701165
703404
703489
704193
704535
706094
707036
707338
707674
708024
709558
711035
711920
712454
712641
712684
713474
713591
713990
714683
715317
715943
719205
719260
719427
720181
720912
721429
721445
721605
722552
723158
723220
724441
725040
726127
726674
726962
727079
728484
729335
729990
730738
732475
734031
735558
736072
737280
737674
738665
739880
741307
741960
744352
744548
744618
745031
745070
746669
748151
749350
749891
751998
753504
753919
754359
754608
755822
757563
757805
758982
759342
759499
759601
759976
760219
760503
761762
762648
763003
763116
764901
764966
765719
766020
766061
766605
766623
766692
767597
767675
767755
768688
769055
769960
769970
770991
771387
771742
772057
773015
773406
773574
774229
774549
775151
775419
775744
775824
776463
777722
778343
779118
780931
781011
781101
781190
782304
782487
782677
783089
783392
784126
785256
785510
786076
786457
786996
787919
788094
788375
788610
788629
789127
789177
789360
789698
789744
789980
790110
790194
790559
792134
793199
794442
794446
795734
796409
796474
796725
796842
797968
798576
798711
798718
799127
799583
799918
800023
800969
801313
801609
801701
801706
802271
803400
803732
804406
804469
805250
805495
806669
807095
807259
808194
808237
808713
808869
809086
809087
809449
809889
810009
810772
811188
811948
812458
813468
815938
818125
818135
818737
819509
820101
820704
820850
820922
821284
821599
821851
822489
822599
823186
823315
823331
824503
825693
826057
826370
828703
829485
830161
830515
830875
831894
832071
832386
833222
833311
833619
835278
835910
836909
837042
837198
837223
837250
837557
838360
838460
838612
839441
840059
840696
841155
842019
842275
842840
843066
843663
843854
844936
845206
845223
846106
846151
847126
847437
847683
847940
848706
849483
849949
850071
851349
851598
851852
852029
853694
853874
856080
856256
856768
857405
858024
858413
858628
859700
860000
860139
860404
860796
861109
861434
861802
862220
862965
863497
863575
863735
863883
864116
864489
864515
865755
866807
866907
867000
867177
867326
867468
867482
867836
868551
868850
868889
869305
869997
870383
870936
872062
873939
874404
874991
875775
876066
876082
878496
878889
879704
879710
879884
880126
880374
881848
882468
883053
883319
884012
884214
885632
885662
885993
886166
886416
887068
887120
887970
888222
888558
889002
889682
890029
890956
891748
891814
892627
893102
893313
893651
893968
893990
894332
894968
895161
895229
896809
897174
897674
897916
899300
899577
899599
899751
900067
900137
900910
901949
901983
902455
902726
902960
902996
903355
905478
905938
906370
907470
907890
908032
908761
910489
910841
912052
912797
912867
913414
914088
914410
914980
915879
916067
917373
919045
919122
920336
920680
921119
922571
922990
923873
924227
924534
926258
926291
926672
927378
927731
929046
930085
930256
930451
930637
930671
930674
931301
931837
931916
932560
932712
934061
934475
934531
934581
934719
934827
936321
937202
937367
937803
938291
938478
939013
939901
940104
940930
941098
941222
941231
941444
941480
941745
941800
943557
943729
944005
944109
944114
944375
944429
944591
945458
945545
946656
947614
947651
947652
948665
951177
951924
952579
952733
953370
953597
953715
954875
955227
955573
957835
960046
960962
961212
962976
963683
964592
966244
966615
966974
967231
967682
968042
968217
968828
969171
970418
970683
970808
971379
971515
971695
972318
972641
973933
975276
975352
975929
976911
977641
977915
978515
978818
979015
979582
982074
982188
983744
984061
984793
984899
985593
985787
987419
988083
988331
990165
991319
992251
994837
995912
996377
996896
996937
997794
998949
999826
999886